[Data Memory]
Size=2
Base=0

[Data Memory Content]
000:  00000000  00000000  00000000  00000000  00000000  00000000  00000000  00000000
020:  00000000  00000000  00000000  00000000  00000000  00000000  00000000  00000000
040:  00000000  00000000  00000000  00000000  00000000  00000000  00000000  00000000
060:  00000000  00000000  00000000  00000000  00000000  00000000  00000000  00000000
080:  00000000  00000000  00000000  00000000  00000000  00000000  00000000  00000000
0a0:  00000000  00000000  00000000  00000000  00000000  00000000  00000000  00000000
0c0:  00000000  00000000  00000000  00000000  00000000  00000000  00000000  00000000
0e0:  00000000  00000000  00000000  00000000  00000000  00000000  00000000  00000000
100:  00000000  00000000  00000000  00000000  00000000  00000000  00000000  00000000
120:  00000000  00000000  00000000  00000000  00000000  00000000  00000000  00000000
140:  00000000  00000000  00000000  00000000  00000000  00000000  00000000  00000000
160:  00000000  00000000  00000000  00000000  00000000  00000000  00000000  00000000
180:  00000000  00000000  00000000  00000000  00000000  00000000  00000000  00000000
1a0:  00000000  00000000  00000000  00000000  00000000  00000000  00000000  00000000
1c0:  00000000  00000000  00000000  00000000  00000000  00000000  00000000  00000000
1e0:  00000000  00000000  00000000  00000000  00000000  00000000  00000000  00000000
200:  00000001  00000002  00000003  00000004  00000005  00000006  00000007  00000008
220:  00000009  0000000a  0000000b  0000000c  0000000d  0000000e  0000000f  00000010
240:  00000011  00000012  00000013  00000014  00000015  00000016  00000017  00000018
260:  00000019  0000001a  0000001b  0000001c  0000001d  0000001e  0000001f  00000020
280:  00000011  00000020  0000001f  0000001e  0000001d  0000001c  0000001b  0000001a
2a0:  00000019  00000018  00000017  00000016  00000015  00000014  00000013  00000012
2c0:  00000001  00000001  00000001  00000001  00000001  00000001  00000001  00000001
2e0:  00000001  00000001  00000001  00000001  00000001  00000001  00000001  00000001
300:  00000001  00000003  00000006  0000000a  0000000f  00000015  0000001c  00000024
320:  0000002d  00000037  00000042  0000004e  0000005b  00000069  00000078  00000088
340:  00000098  000000a8  000000b8  000000c8  000000d8  000000e8  000000f8  00000108
360:  00000118  00000128  00000138  00000148  00000158  00000168  00000178  00000188
380:  00000000  00000000  00000000  00000000  00000000  00000000  00000000  00000000
3a0:  00000000  00000000  00000000  00000000  00000000  00000000  00000000  00000000
3c0:  00000000  00000000  00000000  00000000  00000000  00000000  00000000  00000000
3e0:  00000000  00000000  00000000  00000000  00000000  00000000  00000000  00000000
